95.011116 -18.314720
95.045059 -23.314606
95.079010 -28.314491
95.112961 -33.314377
95.146912 -38.314255
95.180862 -43.314110
95.214783 -48.313892
95.248627 -53.313393
95.282181 -58.311832
95.314636 -63.306324
95.343002 -68.286079
95.356110 -73.210846
95.312302 -77.930374
95.056053 -81.883942
94.006958 -82.978928
90.065750 -83.240295
85.349602 -83.278290
80.425858 -83.256416
75.446671 -83.218430
70.453270 -83.175865
65.458466 -83.131104
60.472282 -83.082130
55.521950 -83.018509
50.706429 -82.900513
46.394287 -82.579666
43.960869 -81.501770
43.302429 -77.552704
43.119591 -72.834305
43.064194 -67.909767
43.042938 -62.929996
43.030834 -57.935432
43.021179 -52.936935
43.012177 -47.937485
43.003334 -42.938168
42.994461 -37.940334
42.985321 -32.948311
42.975159 -27.978027
42.961143 -23.088905
42.932755 -18.502684
42.848206 -13.614364
42.748611 -8.645097
42.644981 -3.654140
42.540268 1.342628
42.435265 6.340952
42.330189 11.339694
42.225090 16.338545
42.119980 21.337414
42.014847 26.336246
41.909637 31.334917
41.804161 36.332977
41.697659 41.328762
41.587349 46.316048
41.462830 51.271614
41.285271 56.108803
40.909771 60.504211
39.795540 63.250862
35.836796 64.009544
31.115870 64.235550
26.190718 64.318832
21.210842 64.363861
16.216305 64.398651
11.217839 64.430695
6.218321 64.461998
1.218520 64.493103
-3.781355 64.524162
-8.781252 64.555206
-13.781153 64.586243
-18.781055 64.617279
-23.780960 64.648315
-28.780865 64.679352
-33.780769 64.710388
-38.780670 64.741425
-43.780571 64.772461
-48.780457 64.803490
-53.780296 64.834496
-58.779953 64.865425
-63.778927 64.896065
-68.775360 64.925621
-73.762314 64.951134
-78.713913 64.961548
-83.533531 64.915619
-87.860611 64.659409
-90.349533 63.618423
-91.110748 59.680454
-91.409027 54.966240
-91.583267 50.044029
-91.724274 45.066093
-91.856384 40.073242
-91.986122 35.076450
-92.115295 30.078812
-92.244553 25.081734
-92.374756 20.087736
-92.508629 15.105509
-92.656250 10.167273
-92.855171 5.393236
-93.245575 1.232004
-94.350578 -0.642204
-98.306900 -1.133060
-103.027237 -1.253246
-107.952278 -1.274112
-112.932175 -1.268366
-117.926773 -1.255488
-122.925301 -1.240698
-127.924866 -1.225390
-132.924652 -1.209925
-137.924240 -1.194348
-142.922913 -1.178477
-147.918091 -1.161546
-152.900131 -1.140667
-157.833221 -1.105060
-162.583618 -1.014483
-166.652161 -0.718759
-168.176010 0.342586
-168.563141 4.287166
-168.645676 9.004306
-168.646606 13.928452
-168.625671 18.908062
-168.598877 23.902527
-168.570526 28.900948
-168.541840 33.900330
-168.513336 38.899609
-168.485870 43.897507
-168.462402 48.889992
-168.453949 53.862198
-168.501465 58.758705
-168.757843 63.372688
-169.793793 66.932297
-173.731216 67.940750
-178.446060 68.265625
-183.369156 68.407318
-188.347809 68.499847
-193.340454 68.578918
-198.333496 68.653351
-203.314148 68.722656
-208.244873 68.776077
-212.988266 68.771080
-217.032227 68.548340
-218.465820 67.513023
-218.891571 63.575596
-219.047272 58.860550
-219.130615 53.937141
-219.194565 48.957901
-219.253326 43.963707
-219.310699 38.965527
-219.367706 33.966347
-219.424698 28.967167
-219.481934 23.968971
-219.540192 18.974728
-219.602264 13.995305
-219.678589 9.071212
-219.808075 4.353618
-220.135971 0.406691
-221.204407 -0.664070
-225.149689 -0.930516
-229.862473 -0.980473
-234.768524 -0.968789
-239.680054 -0.927030
-244.420319 -0.826617
-248.469971 -0.521654
-249.928497 0.542847
-250.265594 4.487938
-250.302216 9.204879
-250.258316 14.128627
-250.192841 19.107756
-250.121597 24.101597
-250.048813 29.098911
-249.975647 34.095398
-249.902451 39.085114
-249.829590 44.048569
-249.758087 48.913750
-249.691650 53.412075
-249.644104 56.541283
-249.571869 61.039520
-249.493011 65.904587
-249.412384 70.867950
-249.331299 75.857651
-249.250076 80.854401
-249.168823 85.853043
-249.087555 90.852196
-249.006287 95.851486
-248.925018 100.850800
-248.843750 105.850128
-248.762451 110.849426
-248.681076 115.848648
-248.599426 120.847549
-248.516724 125.845268
-248.430115 130.838562
-248.328949 135.815323
-248.173431 140.730392
-247.815002 145.415237
-246.699371 149.240845
-242.753510 150.142441
-238.080154 150.254639
-233.327118 150.133179
-228.982849 149.866608
-226.353333 149.253128
-222.919556 147.156693
-220.490356 143.737137
-219.499466 139.723114
-219.159241 137.015076
-219.081741 132.629227
-219.074646 127.793808
-219.086426 122.837936
-219.103241 117.849792
-219.121429 112.853012
-219.139969 107.853943
-219.158615 102.854378
-219.177277 97.855103
-219.195938 92.857475
-219.214569 87.866180
-219.233093 82.898544
-219.251190 78.019226
-219.267670 73.469521
-219.278183 70.149933
-219.287933 65.600204
-219.297485 60.720863
-219.306976 55.753197
-219.316467 50.761868
-219.325928 45.764202
-219.335403 40.764851
-219.344849 35.765091
-219.354218 30.765400
-219.363312 25.766363
-219.371323 20.769896
-219.375336 15.783041
-219.364380 10.832072
-219.297668 6.015031
-219.022766 1.697818
-217.970932 -0.754010
-214.029114 -1.366864
-209.312943 -1.486962
-204.389343 -1.475007
-199.410400 -1.427601
-194.417511 -1.370440
-189.424164 -1.309715
-184.442871 -1.244480
-179.510376 -1.164777
-174.760895 -1.031712
-170.694778 -0.699659
-169.179047 0.374974
-168.725037 4.322863
-168.555511 9.040638
-168.462234 13.964703
-168.389374 18.944040
-168.321991 23.938181
-168.256042 28.936262
-168.190399 33.935299
-168.124603 38.934219
-168.057770 43.931725
-167.987030 48.923683
-167.901703 53.894859
-167.761871 58.788460
-167.418625 63.392540
-166.316254 66.916122
-162.363953 67.704201
-157.648010 67.759308
-152.727448 67.618011
-147.752075 67.424095
-142.761993 67.216080
-137.767990 67.004272
-132.772949 66.791458
-127.777679 66.578354
-122.782547 66.365112
-117.788223 66.151596
-112.796951 65.937134
-107.817108 65.719170
-102.879913 65.488144
-98.101883 65.208374
-93.917831 64.746681
-91.950577 63.606033
-91.431511 59.640152
-91.300491 54.917252
-91.273438 49.991508
-91.274246 45.011414
-91.282524 40.016762
-91.292801 35.018215
-91.303619 30.018673
-91.314575 25.019024
-91.325562 20.019943
-91.336548 15.023252
-91.347496 10.035543
-91.358276 5.081372
-91.368423 0.252374
-91.376221 -4.109475
-91.375259 -6.727898
-91.359665 -11.089724
-91.340141 -15.918694
-91.319565 -20.872833
-91.298714 -25.860512
-91.277786 -30.857180
-91.256836 -35.856255
-91.235878 -40.855972
-91.214920 -45.855865
-91.193962 -50.855801
-91.173004 -55.855743
-91.152039 -60.855671
-91.131050 -65.855530
-91.109985 -70.855133
-91.088646 -75.853767
-91.066254 -80.848801
-91.039925 -85.830368
-90.998932 -90.761703
-90.903183 -95.505600
-90.603119 -99.549942
-89.540512 -100.983490
-85.595566 -101.350571
-80.878311 -101.431885
-75.954109 -101.436630
-70.974457 -101.420868
-65.979950 -101.399597
-60.981461 -101.376862
-55.981903 -101.353729
-50.982063 -101.330490
-45.982147 -101.307220
-40.982208 -101.283951
-35.982262 -101.260674
-30.982315 -101.237396
-25.982368 -101.214119
-20.982422 -101.190842
-15.982475 -101.167564
-10.982531 -101.144287
-5.982589 -101.121002
-0.982658 -101.097717
4.017229 -101.074417
9.016954 -101.051041
14.016075 -101.027374
19.012939 -101.002655
24.001385 -100.973984
28.958410 -100.930588
33.798172 -100.832214
38.200310 -100.528671
40.969208 -99.459427
41.771751 -95.513168
42.047417 -90.796021
42.181908 -85.872314
42.278564 -80.893265
42.365089 -75.899376
42.448898 -70.901520
42.531979 -65.902603
42.614868 -60.903408
42.697731 -55.904194
42.780647 -50.905151
42.863838 -45.906834
42.948051 -40.911224
43.036079 -35.925735
43.138359 -30.978006
43.293835 -26.171211
43.647820 -21.890383
44.742661 -19.572495
48.696148 -18.921371
53.415596 -18.716858
58.340240 -18.632013
63.319702 -18.579235
68.313248 -18.535053
73.308296 -18.493195
78.295288 -18.452026
83.248535 -18.411303
88.074875 -18.371666
92.427322 -18.335932
95.011116 -18.314720
