0.000000 0.000000
0.046899 4.999780
0.093798 9.999558
0.140697 14.999336
0.187598 19.999109
0.234504 24.998861
0.281430 29.998543
0.328430 34.997955
0.375707 39.996368
0.424017 44.991051
0.476184 49.971802
0.542742 54.900566
0.663011 59.635326
0.983732 63.646042
2.052551 64.954575
5.998110 65.219376
10.714277 65.204453
15.636133 65.114319
20.610134 65.003113
25.587032 64.882828
30.523363 64.747269
35.294540 64.559723
39.445667 64.179474
41.281746 63.080399
41.836250 59.126183
42.047356 54.406937
42.166451 49.482697
42.260887 44.503529
42.348721 39.509644
42.434784 34.511818
42.520370 29.512936
42.605835 24.513775
42.691261 19.514561
42.776672 14.515408
42.862076 9.516551
42.947433 4.518818
43.032639 -0.474715
43.117264 -5.452576
43.199741 -10.371944
43.274193 -15.073015
43.318687 -18.959391
43.317329 -23.660973
43.303688 -28.580986
43.286751 -33.559528
43.268936 -38.553745
43.250908 -43.552139
43.232895 -48.551548
43.215153 -53.550854
43.198479 -58.548737
43.185814 -63.541023
43.188103 -68.512344
43.246208 -73.405396
43.512634 -78.006332
44.556526 -81.517105
48.496483 -82.463043
53.212421 -82.721741
58.136238 -82.796265
63.115570 -82.821365
68.109085 -82.832962
73.103859 -82.839935
78.089432 -82.841965
83.036942 -82.828812
87.841446 -82.759842
92.111969 -82.482834
94.389587 -81.429459
94.988022 -77.486969
95.136528 -72.770348
95.164474 -67.846298
95.160110 -62.866676
95.147064 -57.872192
95.131622 -52.873814
95.115280 -47.874733
95.097710 -42.876732
95.076126 -37.883751
95.039703 -32.909782
94.947968 -28.006842
94.649849 -23.368990
93.581444 -19.720470
89.634918 -18.737625
84.917221 -18.469049
79.992935 -18.391880
75.013481 -18.366070
70.019920 -18.354288
65.025108 -18.347260
60.039413 -18.345219
55.091438 -18.358376
50.285217 -18.427332
46.008305 -18.704288
43.706863 -19.757446
43.019371 -23.699209
42.764339 -28.414970
42.625183 -33.338123
42.517082 -38.316849
42.417297 -43.310463
42.319740 -48.308067
42.222778 -53.306736
42.125969 -58.305679
42.029186 -63.304649
41.932343 -68.303467
41.835228 -73.301605
41.737091 -78.297249
41.635155 -83.283554
41.519012 -88.235001
41.349857 -93.056351
40.982872 -97.392189
39.877571 -99.916077
35.921227 -100.615517
31.200947 -100.826096
26.275970 -100.905685
21.296146 -100.950180
16.301624 -100.985275
11.303165 -101.017845
6.303652 -101.049744
1.303855 -101.081451
-3.696017 -101.113113
-8.695910 -101.144760
-13.695807 -101.176407
-18.695705 -101.208054
-23.695606 -101.239700
-28.695507 -101.271347
-33.695404 -101.302994
-38.695305 -101.334641
-43.695202 -101.366287
-48.695084 -101.397934
-53.694916 -101.429550
-58.694565 -101.461090
-63.693512 -101.492340
-68.689850 -101.522507
-73.676468 -101.548622
-78.626785 -101.559631
-83.441650 -101.514236
-87.751007 -101.258392
-90.173767 -100.217102
-90.849792 -96.277939
-91.057777 -91.562286
-91.140350 -86.638580
-91.189331 -81.659126
-91.229301 -76.664734
-91.266861 -71.666336
-91.303772 -66.666862
-91.340508 -61.667099
-91.377197 -56.667263
-91.413879 -51.667404
-91.450562 -46.667549
-91.487244 -41.667709
-91.523941 -36.667938
-91.560715 -31.668434
-91.597778 -26.669914
-91.635872 -21.675076
-91.677856 -16.693974
-91.734344 -11.764130
-91.844955 -7.025589
-92.157600 -3.001003
-93.224197 -1.640933
-97.170242 -1.272909
-101.887833 -1.170705
-106.812164 -1.139725
-111.791885 -1.127831
-116.786453 -1.121051
-121.785004 -1.115641
-126.784615 -1.110597
-131.784515 -1.105653
-136.784485 -1.100734
-141.784485 -1.095823
-146.784485 -1.090914
-151.784485 -1.086005
-156.784485 -1.081096
-161.784485 -1.076187
-166.784485 -1.071278
-171.784470 -1.066367
-176.784454 -1.061451
-181.784393 -1.056515
-186.784180 -1.051501
-191.783386 -1.046202
-196.780441 -1.039837
-201.769440 -1.029493
-206.728394 -1.004299
-211.575180 -0.923685
-216.003387 -0.636239
-218.869385 0.423112
-219.586853 4.366870
-219.728653 9.083504
-219.716187 14.007227
-219.662399 18.986441
-219.597534 23.980518
-219.529694 28.978565
-219.461060 33.977627
-219.392212 38.976780
-219.323334 43.975288
-219.254486 48.971123
-219.185822 53.956898
-219.117859 58.905121
-219.052521 63.713192
-218.996948 67.998207
-218.977890 70.331146
-218.967819 74.616508
-218.960159 79.425018
-218.953156 84.373703
-218.946320 89.359940
-218.939514 94.356247
-218.932739 99.355232
-218.925964 104.354889
-218.919220 109.354553
-218.912537 114.353539
-218.906097 119.349854
-218.900604 124.336143
-218.898560 129.285004
-218.909485 134.094116
-218.968719 138.381744
-219.208313 140.723175
-220.109619 144.198700
-221.122650 146.040039
-223.873718 148.278717
-225.989563 149.229507
-230.203918 149.621872
-234.953156 149.849701
-239.743408 149.977875
-244.162811 149.871918
-247.057770 148.929138
-247.900269 145.016876
-248.192841 140.308960
-248.338043 135.387833
-248.443756 130.409576
-248.538879 125.416016
-248.631180 120.418350
-248.722717 115.419601
-248.814056 110.420601
-248.905334 105.421677
-248.996582 100.423325
-249.087738 95.427155
-249.178650 90.439156
-249.268616 85.481689
-249.355026 80.638161
-249.428162 76.219849
-249.451721 73.388458
-249.427460 68.969666
-249.390381 64.125534
-249.349869 59.167427
-249.308441 54.178780
-249.266754 49.181953
-249.225006 44.182938
-249.283228 39.183361
-249.241357 34.183716
-249.199213 29.184357
-249.156000 24.186222
-249.208850 19.192696
-249.746976 14.216372
-249.750139 9.304260
-249.858194 2.631793
-248.420776 -0.453684
-244.471405 -0.458150
-238.761108 -0.477989
-233.869034 -0.562580
-229.010864 -0.538303
-224.470062 -0.290442
-221.164795 0.742882
-220.216125 4.679472
-219.898926 9.393990
-219.750916 14.316952
-219.648254 19.295765
-219.557739 24.289539
-219.470459 29.287304
-219.384033 34.286072
-219.297775 39.284859
-219.211304 44.282711
-219.123871 49.276817
-219.032684 54.256878
-218.927505 59.184486
-218.770157 63.916336
-218.418106 67.917603
-217.339386 69.192322
-213.390854 69.459885
-208.673370 69.457581
-203.749908 69.382950
-198.771515 69.288879
-193.779388 69.189346
-188.787231 69.087425
-183.808655 68.981445
-178.884430 68.861588
-174.164139 68.690300
-170.205109 68.327148
-169.087280 67.247986
-168.777100 63.298592
-168.683319 58.580116
-168.647522 53.655567
-168.627258 48.675804
-168.611145 43.681252
-168.596146 38.682755
-168.581360 33.683281
-168.566376 28.683842
-168.550339 23.685513
-168.530334 18.691593
-168.495499 13.714201
-168.405304 8.798512
-168.108521 4.113106
-167.040680 0.287126
-163.094299 -0.727663
-158.376633 -0.989195
-153.452301 -1.048893
-148.472580 -1.054510
-143.478027 -1.045636
-138.479492 -1.032876
-133.479919 -1.019071
-128.480133 -1.004967
-123.480469 -0.990712
-118.481560 -0.976153
-113.485565 -0.960529
-108.500450 -0.940947
-103.555939 -0.906600
-98.762962 -0.817150
-94.535522 -0.522053
-92.418686 0.540525
-91.898552 4.485194
-91.806252 9.202116
-91.828590 14.125961
-91.881653 19.105247
-91.942947 24.099373
-92.006470 29.097418
-92.070648 34.096302
-92.135269 39.094620
-92.200958 44.089836
-92.270485 49.073212
-92.354301 54.012306
-92.491455 58.786148
-92.827637 62.943230
-93.906616 64.798553
-97.852722 65.450073
-102.567078 65.779030
-107.487282 66.021561
-112.462646 66.240921
-117.452789 66.454086
-122.446884 66.665588
-127.442017 66.876633
-132.437378 67.087540
-137.432587 67.298325
-142.426941 67.508774
-147.418060 67.718018
-152.397125 67.922775
-157.331207 68.110748
-162.097305 68.236099
-166.236572 68.127762
-168.036469 67.147255
-168.506897 63.224297
-168.621094 58.512909
-168.639832 53.590263
-168.633011 48.611012
-168.619324 43.616600
-168.603790 38.618149
-168.587677 33.618706
-168.571136 28.619337
-168.553497 23.621246
-168.531891 18.628201
-168.495453 13.654055
-168.403717 8.750463
-168.105560 4.110190
-167.037079 0.452635
-163.090530 -0.522099
-158.372803 -0.777973
-153.448425 -0.841230
-148.468689 -0.852874
-143.474121 -0.850690
-138.475586 -0.844798
-133.476013 -0.837907
-128.476196 -0.830730
-123.476547 -0.823406
-118.477722 -0.815777
-113.482071 -0.807079
-108.498253 -0.794410
-103.558640 -0.766924
-98.783997 -0.684142
-94.625000 -0.394993
-92.763657 0.664330
-92.273941 4.608418
-92.151749 9.325476
-92.128036 14.249649
-92.130714 19.229315
-92.140457 24.223835
-92.152069 29.222275
-92.164116 34.221550
-92.176010 39.220245
-92.186859 44.215782
-92.193710 49.199265
-92.185562 54.137672
-92.121475 58.907860
-91.848587 63.050240
-90.796432 64.849594
-86.854263 65.325150
-82.137711 65.445984
-77.213669 65.471779
-72.234024 65.472107
-67.239487 65.465607
-62.240952 65.457275
-57.241348 65.448463
-52.241463 65.439514
-47.241501 65.430534
-42.241531 65.421539
-37.241600 65.412514
-32.241821 65.403412
-27.242615 65.394028
-22.245556 65.383575
-17.256516 65.369156
-12.297400 65.339905
-7.449959 65.255333
-3.019295 64.964256
-0.144067 63.902519
0.593053 59.957924
0.757267 55.240871
0.767973 50.316837
0.737546 45.337341
0.696098 40.342987
0.651698 35.344654
0.606510 30.345257
0.561127 25.345594
0.515748 20.345928
0.470579 15.346512
0.426251 10.348098
0.385074 5.353448
0.355660 0.372847
0.370146 -4.555318
0.548467 -9.287792
1.331485 -14.031852
2.130767 -18.510456
2.390415 -21.915655
1.553323 -26.179043
0.752121 -30.229385
0.488616 -34.971947
0.370580 -39.892769
0.296730 -44.834389
0.254148 -49.680954
0.292455 -54.126511
0.623049 -57.063080
1.948894 -61.264694
3.452367 -65.755676
4.671101 -70.139099
5.005964 -74.972687
5.104981 -79.923660
5.144477 -84.894012
5.181738 -89.824478
5.269578 -94.576004
5.561971 -98.651688
6.621997 -100.202927
10.565987 -100.620461
15.281924 -100.733955
20.201683 -100.765007
25.164780 -100.770317
30.097412 -100.755112
34.864841 -100.683586
39.001930 -100.407265
40.782867 -99.368118
41.638092 -95.486656
42.286144 -90.950645
43.031227 -86.638741
44.371605 -83.877815
48.391006 -83.135262
53.128239 -82.933517
58.057766 -82.876678
63.038651 -82.858582
68.032654 -82.850609
73.027794 -82.844360
78.014351 -82.834869
82.965431 -82.810730
87.783188 -82.731209
92.103134 -82.444824
94.565155 -81.386383
95.202721 -77.442581
95.351425 -72.725662
95.369141 -67.801575
95.351761 -62.821987
95.324982 -57.827526
95.295677 -52.829090
95.265701 -47.829628
95.235535 -42.830032
95.205330 -37.830921
95.175125 -32.833897
95.144966 -27.844723
95.114990 -22.884871
95.085693 -18.034452
