95.278519 -18.005138
90.278763 -18.053701
85.279015 -18.102259
80.279312 -18.150795
75.279800 -18.199253
70.280960 -18.247417
65.284653 -18.294489
60.297768 -18.337482
55.346077 -18.365252
50.525723 -18.336208
46.195518 -18.095135
43.694588 -17.062756
42.981125 -13.126133
42.746609 -8.411322
42.640427 -3.487994
42.568634 1.491205
42.506050 6.485374
42.445938 11.483555
42.386490 16.482805
42.327209 21.482330
42.267956 26.481884
42.208641 31.481277
42.149052 36.479996
42.088425 41.476181
42.023926 46.462891
41.944962 51.414246
41.812035 56.233658
41.477707 60.560661
40.391731 63.049961
36.440578 63.742302
31.721706 63.953156
26.797121 64.034988
21.817417 64.082245
16.822943 64.120239
11.824511 64.155762
6.825019 64.190613
1.825242 64.225281
-3.174610 64.259903
-8.174482 64.294510
-13.174360 64.329117
-18.174240 64.363724
-23.174120 64.398331
-28.174000 64.432938
-33.173882 64.467545
-38.173763 64.502151
-43.173645 64.536758
-48.173523 64.571365
-53.173382 64.605980
-58.173187 64.640594
-63.172775 64.675217
-68.171570 64.709885
-73.167404 64.744728
-78.152176 64.780212
-83.095688 64.818108
-87.885223 64.864975
-92.100098 64.945343
-96.884125 65.169342
-101.820648 65.431824
-106.798042 65.704613
-111.786385 65.980164
-116.777657 66.256462
-121.769714 66.532959
-126.761963 66.809502
-131.754211 67.086060
-136.746277 67.362602
-141.737579 67.639091
-146.726105 67.915382
-151.704178 68.190918
-156.643280 68.463661
-161.436951 68.725945
-165.687866 68.949203
-167.913177 69.026825
-172.169434 69.092209
-176.969879 69.154327
-181.916077 69.215576
-186.901154 69.276672
-191.896027 69.337982
-196.891174 69.400314
-201.877594 69.466507
-206.828857 69.547150
-211.648285 69.681732
-215.975403 70.017570
-218.465256 71.104561
-219.128052 75.056076
-219.301270 79.775131
-219.343323 84.699860
-219.350220 89.679688
-219.347687 94.674278
-219.342651 99.672821
-219.336945 104.672409
-219.331116 109.672211
-219.325439 114.671844
-219.320496 119.670563
-219.318298 124.665787
-219.326431 129.647995
-219.373047 134.581589
-219.563293 139.333755
-220.289612 143.408813
-223.014435 146.645386
-225.903687 148.664673
-230.324677 149.355606
-235.128387 149.675598
-239.931183 149.840240
-244.347687 149.754364
-247.219940 148.821808
-248.042236 144.912048
-248.315247 140.204559
-248.441071 135.283340
-248.527466 130.304871
-248.603287 125.311172
-248.676270 120.313820
-248.748459 115.317062
-248.820328 110.326340
-248.891663 105.359177
-248.961243 100.480209
-249.024292 95.930458
-249.062988 92.609383
-249.094574 88.059311
-249.124268 83.179932
-249.153442 78.212311
-249.182495 73.221046
-249.211487 68.223450
-249.240479 63.224152
-249.269470 58.224403
-249.298462 53.224533
-249.327454 48.224632
-249.356445 43.224731
-249.385406 38.224869
-249.414307 33.225151
-249.442902 28.225967
-249.470413 23.228783
-249.493896 18.239056
-249.502350 13.277170
-249.454651 8.419186
-250.000000 3.948963
-248.158264 -0.500000
-244.219635 -0.594388
-239.504089 -0.749886
-234.580383 -0.936813
-229.600891 -0.981580
-224.606461 -0.915049
-219.608017 -0.945491
-214.608505 -0.975122
-209.608704 -0.904536
-204.608826 -0.933891
-199.608917 -0.963231
-194.609009 -0.992566
-189.609100 -0.921901
-184.609192 -0.951236
-179.609283 -0.980570
-174.609375 -0.909904
-169.609467 -0.939238
-164.609558 -0.968572
-159.609650 -0.797906
-154.609741 -0.927240
-149.609833 -0.956575
-144.609924 -0.985910
-139.610016 -0.915246
-134.610138 -0.944587
-129.610291 -0.973949
-124.610649 -0.933386
-119.611740 -0.933105
-114.615570 -0.963876
-109.629623 -0.998575
-104.681870 -1.047926
-99.876610 -1.151967
-95.603165 -1.460109
-92.314453 -2.529968
-91.649628 -6.476527
-91.419922 -11.193895
-91.306808 -16.117802
-91.224930 -21.097050
-91.151428 -26.091125
-91.080170 -31.089174
-91.009506 -36.088287
-90.939003 -41.087688
-90.868546 -46.087166
-90.798096 -51.086662
-90.727646 -56.086155
-90.657196 -61.085632
-90.586731 -66.085045
-90.856190 -71.084198
-91.445374 -76.082382
-91.373543 -81.076950
-91.297913 -86.058060
-91.208115 -90.988922
-91.065414 -95.732224
-90.725296 -99.775589
-89.648422 -101.206741
-85.699677 -101.569794
-80.981415 -101.646652
-76.056961 -101.646835
-71.077255 -101.626465
-66.082756 -101.600586
-61.084286 -101.573227
-56.084751 -101.545479
-51.084930 -101.517624
-46.085037 -101.489746
-41.085121 -101.461853
-36.085197 -101.433960
-31.085276 -101.406067
-26.085354 -101.378174
-21.085432 -101.350281
-16.085510 -101.322388
-11.085590 -101.294495
-6.085673 -101.266602
-1.085769 -101.238701
3.914087 -101.210777
8.913759 -101.182785
13.912748 -101.154510
18.909187 -101.125198
23.896114 -101.091995
28.847534 -101.044312
33.666443 -100.942551
37.990822 -100.638977
40.469566 -99.582230
41.441311 -95.684601
42.053345 -91.119072
42.733559 -86.722824
44.046181 -83.671600
48.058147 -82.853165
52.793388 -82.632996
57.722378 -82.573105
62.703106 -82.556091
67.697021 -82.550308
72.691956 -82.546539
77.677765 -82.539612
82.626099 -82.518036
87.433594 -82.441017
91.715256 -82.156891
94.034393 -81.099747
94.678879 -77.156296
94.874649 -72.439476
94.950172 -67.515427
94.993484 -62.535851
95.028152 -57.541405
95.060516 -52.542999
95.092262 -47.543613
95.123840 -42.544285
95.155365 -37.546150
95.186844 -32.552750
95.218201 -27.577078
95.249146 -22.667595
95.278519 -18.005138
