0.0 0.0
0.206727 1.989287
0.413453 3.978575
0.620180 5.967862
0.826907 7.957150
1.033634 9.946437
1.240360 11.935724
1.447087 13.925012
1.653814 15.914299
1.860540 17.903587
2.067267 19.892876
2.273994 21.882164
2.480721 23.871452
2.687447 25.860741
2.894174 27.850029
3.100901 29.839317
5.284614 31.503527
7.274202 31.299715
9.263790 31.095903
11.253378 30.892092
13.242966 30.688280
15.232553 30.484468
17.222141 30.280657
19.211729 30.076845
21.201317 29.873034
23.190905 29.669222
25.180492 29.465410
27.170080 29.261599
29.159668 29.057787
31.149256 28.853975
31.908564 26.765757
31.714520 24.775192
31.520475 22.784628
31.326431 20.794064
31.132387 18.803499
30.938343 16.812935
30.744299 14.822371
30.550255 12.831806
30.356211 10.841242
30.162167 8.850677
29.968122 6.860113
29.774078 4.869549
29.580034 2.878984
29.385990 0.888420
29.191946 -1.102144
28.997902 -3.092709
28.803858 -5.083273
28.609814 -7.073838
28.415770 -9.064403
28.221725 -11.054967
28.027681 -13.045531
27.833637 -15.036096
27.639593 -17.026661
27.445549 -19.017225
27.251505 -21.007790
27.057461 -22.998354
26.863417 -24.988918
26.669373 -26.979483
26.475328 -28.970047
26.281284 -30.960611
26.087240 -32.951176
23.981119 -33.942566
21.990889 -33.745132
20.000658 -33.547699
18.010427 -33.350266
16.020197 -33.152832
14.029966 -32.955399
12.039736 -32.757965
10.049505 -32.560532
8.059275 -32.363098
6.069044 -32.165665
4.078813 -31.968231
2.088582 -31.770798
0.098351 -31.573364
-1.891881 -31.375931
-3.882112 -31.178497
-5.872343 -30.981064
-7.862574 -30.783630
-9.852804 -30.586197
-11.843035 -30.388763
-13.833265 -30.191330
-15.823496 -29.993896
-17.813726 -29.796463
-19.803957 -29.599030
-21.794188 -29.401596
-23.784418 -29.204163
-25.774649 -29.006729
-26.485458 -26.926376
-26.288292 -24.936119
-26.091125 -22.945862
-25.893959 -20.955605
-25.696793 -18.965347
-25.499626 -16.975090
-25.302460 -14.984833
-25.105293 -12.994576
-24.908127 -11.004318
-24.710960 -9.014061
-24.513794 -7.023803
-24.316628 -5.033545
-24.119461 -3.043288
-23.922295 -1.053030
-23.725128 0.937227
-23.527962 2.927485
-23.330795 4.917743
-23.133629 6.908000
-22.936462 8.898258
-22.739296 10.888515
-22.542130 12.878773
-22.344963 14.869030
-22.147797 16.859287
-21.950630 18.849545
-21.753464 20.839802
-21.556297 22.830059
-21.359131 24.820316
-21.161964 26.810574
-20.964798 28.800831
-20.767632 30.791088
-20.570465 32.781345
-20.373299 34.771603
-18.324606 35.184013
-16.345009 34.899071
-14.365411 34.614128
-12.385813 34.329185
-10.406215 34.044243
-8.426617 33.759300
-6.447019 33.474358
-4.467421 33.189415
-2.487823 32.904472
-0.508225 32.619530
1.471373 32.334587
2.329768 30.193651
2.157226 28.201107
1.984684 26.208563
1.812141 24.216019
1.639599 22.223475
1.467057 20.230930
1.294515 18.238386
1.121973 16.245842
0.949430 14.253299
0.776888 12.260756
0.604346 10.268212
0.431804 8.275669
0.259262 6.283126
0.086719 4.290583
-0.085823 2.298039
0.0 0.0
