35.614781 139.549412
35.614608 139.549452
35.614330 139.549431
35.614280 139.549428
35.614280 139.549362
35.614337 139.548629
35.614333 139.548460
35.614285 139.548450
35.613948 139.548472
35.613228 139.548395
35.613156 139.548395
35.613148 139.548472
35.613018 139.550117
35.613011 139.550222
35.613086 139.550227
35.614118 139.550338
35.614192 139.550325
35.614218 139.550222
35.614234 139.550157
35.614317 139.550153
35.614643 139.550181
35.614702 139.550184
35.614710 139.550098
35.614746 139.549586
35.614754 139.549476
35.614690 139.549467
35.614498 139.549454
