35.613067 139.549297
35.613016 139.550209
35.613403 139.550248
35.613441 139.549786
35.613547 139.549765
35.613569 139.549415
35.613467 139.549395
35.613470 139.549331
35.613678 139.549380
35.613423 139.549348
35.613898 139.549389
35.613884 139.549871
35.613941 139.550308
35.614195 139.550326
35.614235 139.550141
35.614425 139.550154
35.614446 139.550025
35.614557 139.550032
35.614581 139.549817
35.614351 139.549788
35.614366 139.549616
35.614476 139.549624
35.614495 139.549451
35.614272 139.549423
35.614346 139.548571
35.611996 139.548175
35.612033 139.547328
35.611772 139.547266
35.611659 139.548926
35.612353 139.549040
35.612402 139.548778
35.613102 139.548856
35.613067 139.549297
35.613046 139.549588
