35.613926 139.549174
35.613974 139.548471
35.613134 139.548369
35.613071 139.549101
35.612411 139.549007
35.612473 139.548246
35.612005 139.548198
35.612057 139.547434
35.611998 139.547304
35.611798 139.547280
35.611675 139.548948
35.611946 139.548975
35.612009 139.548195
35.612250 139.548229
35.612213 139.549001
35.612409 139.549003
35.612488 139.548252
35.613135 139.548371
35.613010 139.550206
35.614206 139.550322
35.614326 139.548504
35.613955 139.548476
35.613855 139.549767
35.613893 139.549968
35.613873 139.550292
35.614210 139.550327
35.614234 139.550137
35.614682 139.550176
35.614754 139.549452
35.614515 139.549425
35.614465 139.549799
35.614465 139.549799
