43.6511432 -79.38297910000001
43.6513177 -79.3821047
43.651407 -79.38164879999999
43.6518191 -79.3816523
43.651893 -79.38169669999999
43.6545287 -79.36944299999999
43.656174 -79.3700925
43.6595072 -79.35744389999999
43.6609399 -79.35802350000002
43.6699496 -79.3111773
43.6930133 -79.2623129
43.6981602 -79.26446399999999
43.6984017 -79.26341909999999
43.7095105 -79.2590599
43.7096193 -79.2589438
43.7096229 -79.2586702
43.7096639 -79.2586872
43.7099214 -79.2575684
43.7109738 -79.25807290000002
43.7119724 -79.2573237
43.7140462 -79.2558346
43.7150985 -79.2553523
43.7185804 -79.2517455
43.7208666 -79.2414646
43.7266851 -79.24389140000001
43.7342798 -79.2364597
43.7411895 -79.22752539999999
43.7436675 -79.211595
43.751841 -79.20390160000001
43.7551831 -79.1917553
43.7601792 -79.1939246
43.7615323 -79.1891248
43.7617454 -79.18920980000001
43.7644032 -79.17369529999999
43.7598874 -79.1717575
43.763807 -79.15157499999999
43.76360770000001 -79.151483
43.7668872 -79.1453767
43.7806688 -79.1295379
43.7834851 -79.1269274
43.7943759 -79.11865349999999
43.79488870000001 -79.1182652
43.7962827 -79.11654059999999
43.79687939999999 -79.1163596
43.7976545 -79.1118499
43.8059243 -79.1027654
43.8081424 -79.10009049999999
43.8105641 -79.0964736
43.8130324 -79.09692780000002
43.8150451 -79.09778849999999
43.817849 -79.09783729999999
43.8192055 -79.09806519999999
43.8194173 -79.0988249
43.8214625 -79.09924649999999
43.823562 -79.10068559999999
43.8274952 -79.09225579999999
43.8254152 -79.091403
43.8255954 -79.0872799
43.819616 -79.0869917
43.8162118 -79.0840954
43.8168318 -79.08209029999999
43.812725 -79.0802987
43.8140645 -79.07078009999999
43.8134906 -79.0701675
43.8156821 -79.06005689999999
43.8154508 -79.0599656
43.8121998 -79.0518086
43.8170645 -79.0367943
43.81799549999999 -79.02033109999999
43.8259355 -78.99970119999999
43.8271184 -78.9967731
43.8278204 -78.9937001
43.8279084 -78.98976499999999
43.8308556 -78.99095129999999
43.83214 -78.98821169999999
43.8307938 -78.98439950000001
43.8292454 -78.9802871
43.8288372 -78.97974649999999
43.831159 -78.974981
43.8338798 -78.9708722
43.8358193 -78.9691449
43.838308 -78.9688347
43.8392476 -78.967731
43.85378900000001 -78.973838
43.8612635 -78.9394793
43.8593795 -78.93523399999999
43.8573194 -78.9343415
43.8564351 -78.9321277
43.8562264 -78.93205039999999
43.84990870000001 -78.9184818
43.8523725 -78.8982772
43.853557 -78.898521
43.8548599 -78.8825279
43.8552216 -78.8559647
43.856938 -78.846018
43.8569872 -78.84602099999999
43.8604254 -78.8369
43.8596081 -78.83624720000002
43.85941880000001 -78.8356345
43.8593901 -78.835363
43.8626647 -78.83207969999999
43.8657082 -78.8292347
43.8686889 -78.83472189999999
43.8720659 -78.8251219
43.8805287 -78.8224498
43.8775586 -78.80285020000001
43.8759555 -78.80021189999999
43.87373119999999 -78.79055489999999
43.87424439999999 -78.7841834
43.8756305 -78.7777942
43.8758679 -78.76231199999999
43.8777952 -78.7631121
43.879689 -78.75314139999999
43.873756 -78.7397776
43.87395470000001 -78.7388952
43.8750981 -78.73169919999999
43.8744569 -78.7286869
43.8717201 -78.7203719
43.871911 -78.7164279
43.8910711 -78.6878736
43.8920822 -78.688306
43.8939669 -78.6754359
43.8950569 -78.67503909999999
43.8952873 -78.671583
43.8939615 -78.66707749999999
43.8895846 -78.6636511
43.893506 -78.6511079
43.9000488 -78.65298079999999
43.8998989 -78.643089
43.8953098 -78.6411255
43.9013944 -78.6221211
43.904452 -78.60722299999999
43.9026718 -78.60652329999999
43.9016031 -78.5952374
43.8993676 -78.5942216
43.9015135 -78.5868459
43.90634120000001 -78.5837306
43.8973583 -78.5769789
43.8983372 -78.57210429999999
43.9007621 -78.5514147
43.9170673 -78.4391894
43.9494073 -78.3114708
43.9503754 -78.307779
43.9473751 -78.3063221
43.9493759 -78.29975229999999
43.9496107 -78.29660360000001
43.9482277 -78.2958496
43.9483197 -78.29543620000001
43.9479034 -78.2914316
43.9682558 -78.212637
43.9663273 -78.2115865
43.970156 -78.19180009999999
43.96753450000001 -78.19037849999999
43.9584024 -78.18641649999999
43.9679786 -78.1311755
43.9825851 -78.0676467
43.9703091 -78.0625015
43.974039 -78.0156125
43.9842582 -77.9711825
43.9755342 -77.9600633
43.98664309999999 -77.9022588
43.9874949 -77.8998514
43.9965893 -77.88968179999999
43.9976779 -77.8847313
44.0050225 -77.8881145
44.0422711 -77.73704839999999
44.0424744 -77.7371351
44.0490168 -77.7236595
44.0678128 -77.66711669999999
44.0997698 -77.5780298
44.1027086 -77.57957519999999
44.1037111 -77.5784661
44.1046173 -77.58011160000001
44.10810679999999 -77.5766345
44.1083535 -77.57699989999999
44.1179066 -77.5815855
44.1302933 -77.56612
44.1317161 -77.5602993
44.16654459999999 -77.4405756
44.1586039 -77.43653379999999
44.1658653 -77.4197305
44.1602044 -77.4169472
44.1617469 -77.38953219999999
44.1634704 -77.3846882
44.1637353 -77.3850879
44.1704325 -77.38432229999999
44.17876220000001 -77.38220219999999
44.18451 -77.36851009999999
44.2106553 -77.2381307
44.2284124 -77.247061
44.245691 -77.1624367
44.240607 -77.1596129
44.25295 -77.0677068
44.2556667 -77.0690122
44.2649479 -77.034279
44.254553 -77.0067184
44.2714061 -76.9682979
44.2740861 -76.95877
44.2836762 -76.96337419999999
44.30624299999999 -76.9178172
44.3124625 -76.904562
44.3107154 -76.9050431
44.3069958 -76.90174040000001
44.3278456 -76.87925580000001
44.3280555 -76.87899879999999
44.6854773 -76.1854192
44.6786894 -76.1601154
44.675572 -76.101857
44.6522928 -76.075175
44.6610799 -76.0331564
44.6615803 -76.0251737
44.6848469 -75.9903879
44.6912056 -75.9792535
44.7445484 -75.90107569999999
44.7315827 -75.88434079999999
44.7325968 -75.8827184
44.7223607 -75.8748612
44.7232083 -75.87328029999999
44.7304393 -75.86421059999999
44.7682247 -75.7657409
44.77856939999999 -75.7528291
44.7541293 -75.7330705
44.8433071 -75.54639589999999
44.8424843 -75.54484979999999
44.83493379999999 -75.5270204
44.8868154 -75.43010249999999
44.8882262 -75.43121099999999
44.8943258 -75.4163104
44.9018378 -75.39855709999999
44.885266 -75.384804
44.9064741 -75.33386109999999
44.9275873 -75.2819179
44.9109866 -75.2688261
44.9215946 -75.24289580000001
44.9222816 -75.2429745
44.9349481 -75.21229799999999
44.9580525 -75.1527584
44.9662336 -75.1342243
44.9497519 -75.1204583
44.9534087 -75.1120102
44.9533817 -75.1122245
44.9689159 -75.06671609999999
44.9743714 -75.0461133
44.9639528 -75.0379483
44.9695707 -75.0270695
44.969828 -75.02545689999999
44.9980368 -74.9738461
45.027167 -74.8960579
45.02912980000001 -74.8904915
45.0291489 -74.8832008
45.0327494 -74.85329369999999
45.0326986 -74.8506106
45.0229861 -74.78285869999999
45.013614 -74.7863005
45.0117082 -74.7864349
45.0121402 -74.7357323
45.0123128 -74.7358215
45.0141613 -74.7286628
45.0138515 -74.7250047
45.0137295 -74.72201059999999
45.0160927 -74.7155413
45.0201785 -74.69588639999999
45.0321705 -74.6667459
45.1346187 -74.49521639999999
45.1904871 -74.37915799999999
45.2054801 -74.3444574
45.2442173 -74.24321859999999
45.2450585 -74.2438442
45.24975209999999 -74.24811509999999
45.25060420000001 -74.2461898
45.2655565 -74.21976479999999
45.2624235 -74.19829539999999
45.2662918 -74.1967856
45.27497330000001 -74.192763
45.290797 -74.18367309999999
45.2905311 -74.1830367
45.32353639999999 -74.0074255
45.3494636 -74.02817159999999
45.36114269999999 -74.003795
45.3753027 -74.0103539
45.383289 -74.0104181
45.3834086 -74.0102246
45.3834585 -74.0101818
45.3837878 -74.01031999999999
45.3857887 -74.006097
45.3856595 -74.0060343
45.3860797 -73.99806889999999
45.3852558 -73.9935783
45.3819163 -73.9918165
45.3876215 -73.96775370000002
45.3982555 -73.9594491
45.4044374 -73.95425419999999
45.40273850000001 -73.94450429999999
45.4197111 -73.8746584
45.4214655 -73.8742295
45.43108669999999 -73.8411826
45.4314915 -73.8391049
45.43247299999999 -73.8395163
45.4360341 -73.8339081
45.4388432 -73.8297826
45.4385288 -73.82985350000001
45.4399205 -73.8305946
45.4398331 -73.8301026
45.4405746 -73.82765859999999
45.4422353 -73.8215455
45.4499626 -73.7916053
45.44889999999999 -73.79127799999999
45.448317 -73.791034
45.4389301 -73.71999819999999
45.4387259 -73.71988759999999
45.4362183 -73.70789569999999
45.4349223 -73.7009911
45.4332149 -73.6927216
45.4336515 -73.68927459999999
45.43358449999999 -73.68390719999999
45.433072 -73.6837036
45.4327447 -73.68394809999999
45.4324977 -73.6835837
45.4309672 -73.6707177
45.4311562 -73.6699263
45.4314768 -73.66913889999999
45.4310026 -73.66605250000001
45.4408304 -73.64575429999999
45.4412573 -73.64606259999999
45.456658 -73.6173517
45.4647491 -73.5968263
45.4723723 -73.5817672
45.4719507 -73.5806848
45.4787678 -73.57381049999999
45.480477 -73.5717396
45.4850783 -73.56602119999999
45.4894174 -73.55794899999999
45.4908096 -73.55229589999999
45.4955964 -73.55098719999999
45.4954526 -73.5511145
45.4963647 -73.5530031
45.5075575 -73.5519889
45.5083466 -73.553968
