36.079971 140.115128
36.08043 140.114834
36.080598 140.115045
36.080673 140.115232
36.080825 140.115118
36.080748 140.115091
36.080697 140.115125
36.080630 140.114962
36.080640 140.114849
36.080789 140.114690
36.080875 140.114877
36.080822 140.115139
36.080753 140.115217
36.080114 140.115657
36.080057 140.115626
36.080007 140.115662
36.079900 140.115728
36.079709 140.115324
36.079576 140.115398
36.079362 140.114856
36.080136 140.114330
36.080480 140.114077
36.080699 140.113936
36.080922 140.113769
36.081020 140.113735
36.081371 140.113497
36.081630 140.114122
36.081878 140.113964
36.082019 140.113805
36.082037 140.113709
36.082120 140.113650
36.082155 140.113624
36.082371 140.113670
36.082440 140.113807
36.082591 140.113834
36.082322 140.113414
36.082114 140.112960
36.081664 140.113274
36.081021 140.113701
36.080940 140.113711
36.080898 140.113727
36.080471 140.114037
36.080442 140.114080
36.079402 140.114849
36.079336 140.114961
36.079424 140.115142
36.079395 140.115189
36.079214 140.115289
36.079284 140.115440
36.079373 140.115361
36.079447 140.115304
