-55.214798 165.255539
-55.528141 155.691956
-55.459175 146.658066
-55.775139 137.664658
-55.083237 129.901291
-55.660023 120.935776
-56.661217 115.015732
-57.235210 102.922432
-57.210514 91.163231
-56.414776 80.862495
-57.223011 76.233246
-58.870998 72.268280
-58.838257 66.430138
-58.818127 59.125656
-58.742485 55.987453
-55.825531 55.724194
-52.632336 56.473057
-48.416298 56.390625
-20.538029 55.959007
-0.806726 56.073883
2.484624 54.644135
1.203588 40.636494
-0.264212 17.464325
2.026630 15.863420
9.311496 16.506453
29.490528 15.643139
42.357468 15.004887     
