-219.878754 -46.324303
-238.605591 -45.288437
-257.415375 -44.352589
-276.254578 -43.199120
-294.978210 -42.362595
-313.710175 -41.147820
-332.576630 -40.398079
-335.661316 -38.486115
-337.047394 -35.701073
-337.030609 -26.965157
-336.301422 -9.423582
-335.159576 7.316523
-336.788971 28.278614
-338.362640 44.447151
-337.113983 84.173615
-334.511353 140.619217
-332.084045 147.614105
-332.889832 159.450928
-332.153839 170.280228
-329.911041 173.973831
-322.682068 175.147064
-310.624786 175.318039
-303.053253 174.357224
-291.484894 174.105316
-276.855988 173.580124
-262.005432 173.671829
-246.751038 173.399094
-232.561188 172.735611
-222.319107 172.763657
-215.956085 173.853226
-208.615082 172.604248
-205.769836 170.850082
-202.440720 170.169968
-185.057022 169.880844
-157.463531 169.469315
-131.692322 169.178192
-121.480415 169.386139
-101.593613 168.518295
-81.375015 167.922546
-65.956070 167.924622
-57.810501 167.528000
-55.214798 165.255539
-55.528141 155.691956
-55.459175 146.658066
-55.775139 137.664658
-55.083237 129.901291
-55.660023 120.935776
-56.661217 115.015732
-57.235210 102.922432
-57.210514 91.163231
-56.414776 80.862495
-57.223011 76.233246
-58.870998 72.268280
-58.838257 66.430138
-58.818127 59.125656
-58.742485 55.987453
-55.825531 55.724194
-52.632336 56.473057
-48.416298 56.390625
-20.538029 55.959007
-0.806726 56.073883
2.484624 54.644135
1.203588 40.636494
-0.264212 17.464325
2.026630 15.863420
9.311496 16.506453
29.490528 15.643139
42.357468 15.004887
