0.000000 0.000000
0.413453 3.978575
0.826907 7.957150
1.240360 11.935724
1.653814 15.914299
2.067267 19.892874
2.480721 23.871449
2.894174 27.850023
3.295026 31.707338
7.274202 31.299715
11.253379 30.892092
15.232555 30.484468
19.211731 30.076845
23.190907 29.669222
27.170082 29.261599
31.149258 28.853975
32.102608 28.756321
31.714520 24.775192
31.326431 20.794064
30.938343 16.812935
30.550255 12.831806
30.162167 8.850677
29.774078 4.869549
29.385990 0.888420
28.997902 -3.092709
28.609814 -7.073838
28.221725 -11.054967
27.833637 -15.036096
27.445549 -19.017225
27.057461 -22.998354
26.669373 -26.979483
26.281284 -30.960611
25.971350 -34.139999
21.990887 -33.745132
18.010426 -33.350266
14.029963 -32.955399
10.049501 -32.560532
6.069039 -32.165665
2.088577 -31.770796
-1.891885 -31.375927
-5.872347 -30.981058
-9.852809 -30.586189
-13.833271 -30.191320
-17.813732 -29.796452
-21.794193 -29.401583
-25.774654 -29.006714
-26.682625 -28.916634
-26.288292 -24.936119
-25.893959 -20.955605
-25.499626 -16.975090
-25.105293 -12.994575
-24.710960 -9.014059
-24.316628 -5.033544
-23.922295 -1.053028
-23.527962 2.927487
-23.133629 6.908002
-22.739296 10.888517
-22.344963 14.869033
-21.950630 18.849548
-21.556297 22.830063
-21.161964 26.810577
-20.767632 30.791092
-20.373299 34.771606
-20.304203 35.468956
-16.345007 34.899071
-12.385811 34.329185
-8.426615 33.759300
-4.467419 33.189415
-0.508223 32.619530
2.502310 32.186195
2.157226 28.201109
1.812141 24.216022
1.467057 20.230936
1.121972 16.245850
0.776888 12.260763
0.431804 8.275677
0.086719 4.290590
-0.241788 0.496935
0.0 0.0
