48.795246 39.114643
4.245965 35.606438
0.091566 35.553627
-1.797291 36.460526
-2.565352 40.354393
-8.401767 113.802986
-9.630951 116.170258
-13.610324 116.530960
-18.326607 116.354004
-141.703705 107.251068
-218.413712 105.661125
-262.189941 102.642784
-266.303955 102.629944
-268.032776 103.564590
-268.795349 107.463028
-269.299011 112.155609
-274.336426 171.132370
-275.007324 174.159943
-276.852112 177.424530
-278.374664 178.905014
-281.834625 180.267181
-284.712097 180.935410
-297.877899 180.518738
-299.890381 179.963776
-302.746368 178.064972
-303.410889 174.296661
-303.301941 169.637970
-292.748047 35.881485
-292.559485 32.832611
-291.461346 30.034728
-287.521729 29.263828
-283.031799 29.268059
-143.872040 40.139969
-139.477631 40.206638
-136.694458 39.368774
-135.659698 35.495441
-128.618942 -48.717117
-127.965088 -53.386314
-126.603516 -57.194378
-122.590271 -57.920567
-117.866508 -57.820969
-8.724640 -48.987877
-4.853045 -48.304871
-1.178376 -46.624580
0.754079 -45.156502
2.801033 -41.996315
3.880606 -39.379993
4.583594 -31.332096
5.653955 -29.804676
9.587843 -29.085285
14.288996 -28.582401
48.724091 -25.512598
52.787315 -24.882973
54.340366 -22.690563
48.795246 39.114643
