0.000000 0.000000
0.413547 3.978450
0.827282 7.956649
1.241768 11.933845
1.659068 15.907280
2.086876 19.866676
2.553903 23.773674
3.167295 27.485119
4.326928 30.466757
7.550364 30.967232
11.326122 30.802734
15.247371 30.459517
19.198250 30.066395
23.122169 29.652367
26.908613 29.204628
30.172119 28.642944
31.481346 27.659203
31.548054 24.481220
31.281826 20.715294
30.926392 16.791828
30.547052 12.826151
30.161308 8.849163
29.773846 4.869146
29.385921 0.888325
28.997860 -3.092688
28.609713 -7.073658
28.221363 -11.054268
27.832291 -15.033478
27.440521 -19.007454
27.038696 -22.961887
26.599342 -26.843388
26.019928 -30.452700
24.917805 -33.046188
21.708591 -33.452049
17.934784 -33.271736
14.009697 -32.934357
10.044077 -32.554893
6.067610 -32.164146
2.088285 -31.770370
-1.891624 -31.375740
-5.871011 -30.980736
-9.847725 -30.585083
-13.814272 -30.187222
-17.742821 -29.781162
-21.529545 -29.344524
-24.786970 -28.793774
-26.069025 -27.817139
-26.123878 -24.641510
-25.849905 -20.876663
-25.487822 -16.953938
-25.102131 -12.988907
-24.710114 -9.012541
-24.316401 -5.033139
-23.922234 -1.052927
-23.527941 2.927488
-23.133604 6.907907
-22.739218 10.888133
-22.344677 14.867590
-21.949564 18.844158
-21.552319 22.809942
-21.147116 26.735487
-20.712215 30.510851
-20.166483 33.725731
-19.207121 34.848858
-16.053596 34.731789
-12.317253 34.280159
-8.443792 33.730484
-4.604688 33.123169
-1.040119 32.383369
1.460658 31.171253
1.878132 27.929256
1.737417 24.143555
1.447253 20.212914
1.117482 16.246229
0.778731 12.280302
0.443665 8.353454
0.132322 4.582160
-0.087813 1.394007
0.000000 0.000000
