95.278519 -18.005138   0
50.525723 -18.336208   0
46.195518 -18.095135   0
43.694588 -17.062756   0
42.981125 -13.126133   0
41.477707 60.560661    0
40.391731 63.049961    0
36.440578 63.742302    0
31.721706 63.953156    0
-211.648285 69.681732  0
-215.975403 70.017570  0
-218.465256 71.104561  0
-219.128052 75.056076  0
-219.301270 79.775131  0
-219.563293 139.333755 0
-220.289612 143.408813 0
-223.014435 146.645386 0
-225.903687 148.664673 0
-230.324677 149.355606 0
-235.128387 149.675598 0
-239.931183 149.840240 0
-244.347687 149.754364 0
-247.219940 148.821808 0
-248.042236 144.912048 0
-249.454651 8.419186   0
-250.000000 3.948963   0
-248.158264 -0.500000  0
-244.219635 -0.594388  0
-99.876610 -1.151967   0
-95.603165 -1.460109   0
-92.314453 -2.529968   0
-91.649628 -6.476527   0
-91.419922 -11.193895  0
-91.065414 -95.732224  0
-90.725296 -99.775589  0
-89.648422 -101.206741 0
-85.699677 -101.569794 0
33.666443 -100.942551  0
37.990822 -100.638977  0
40.469566 -99.582230   0
41.441311 -95.684601   0
42.733559 -86.722824   0
44.046181 -83.671600   0
48.058147 -82.853165   0
52.793388 -82.632996   0
87.433594 -82.441017   0
91.715256 -82.156891   0
94.034393 -81.099747   0
94.678879 -77.156296   0
95.278519 -18.005138   0
