95.011116 -18.314720   0
95.312302 -77.930374   0
95.056053 -81.883942   0
94.006958 -82.978928   0
46.394287 -82.579666   0
43.960869 -81.501770   0
43.302429 -77.552704   0
41.285271 56.108803    0
40.909771 60.504211    0
39.795540 63.250862    0
35.836796 64.009544    0
31.115870 64.235550    0
-87.860611 64.659409   0
-90.349533 63.618423   0
-91.110748 59.680454   0
-92.855171 5.393236    0
-93.245575 1.232004    0
-94.350578 -0.642204   0
-98.306900 -1.133060   0
-162.583618 -1.014483  0
-166.652161 -0.718759  0
-168.176010 0.342586   0
-168.563141 4.287166   0
-168.645676 9.004306   0
-168.757843 63.372688  0
-169.793793 66.932297  0
-173.731216 67.940750  0
-178.446060 68.265625  0
-212.988266 68.771080  0
-217.032227 68.548340  0
-218.465820 67.513023  0
-218.891571 63.575596  0
-219.047272 58.860550  0
-219.678589 9.071212   0
-219.808075 4.353618   0
-220.135971 0.406691   0
-221.204407 -0.664070  0
-225.149689 -0.930516  0
-244.420319 -0.826617  0
-248.469971 -0.521654  0
-249.928497 0.542847   0
-247.815002 145.415237 0
-246.699371 149.240845 0
-242.753510 150.142441 0
-238.080154 150.254639 0
-233.327118 150.133179 0
-228.982849 149.866608 0
-226.353333 149.253128 0
-222.919556 147.156693 0
-220.490356 143.737137 0
-219.499466 139.723114 0
-219.159241 137.015076 0
-219.297668 6.015031   0
-219.022766 1.697818   0
-217.970932 -0.754010  0
-214.029114 -1.366864  0
-170.694778 -0.699659  0
-169.179047 0.374974   0
-168.725037 4.322863   0
-167.418625 63.392540  0
-166.316254 66.916122  0
-162.363953 67.704201  0
-157.648010 67.759308  0
-93.917831 64.746681   0
-91.950577 63.606033   0
-91.431511 59.640152   0
-90.603119 -99.549942  0
-89.540512 -100.983490 0
-85.595566 -101.350571 0
38.200310 -100.528671  0
40.969208 -99.459427   0
41.771751 -95.513168   0
43.647820 -21.890383   0
44.742661 -19.572495   0
48.696148 -18.921371   0
95.011116 -18.314720   0
