0.0 0.0
0.213453 3.978575
0.526907 7.957150
0.840360 11.935724
1.053814 15.914299
1.467267 19.892876
1.880721 23.871452
1.984684 27.850029
2.329768 31.503527
9.263790 31.095903
13.242966 30.688280
17.222141 30.280657
21.201317 29.873034
25.180492 29.465410
29.159668 29.057787
31.908564 26.765757
31.520475 22.784628
31.132387 18.803499
30.744299 14.822371
30.356211 10.841242
29.968122 6.860113
29.580034 2.878984
29.191946 -1.102144
28.803858 -5.083273
28.415770 -9.064403
28.027681 -13.045531
27.639593 -17.026661
27.251505 -21.007790
26.863417 -24.988918
26.475328 -28.970047
26.087240 -32.951176
21.990889 -33.745132
18.010427 -33.350266
14.029966 -32.955399
10.049505 -32.560532
6.069044 -32.165665
2.088582 -31.770798
-1.891881 -31.375931
-5.872343 -30.981064
-9.852804 -30.586197
-13.833265 -30.191330
-17.813726 -29.796463
-21.794188 -29.401596
-25.774649 -29.006729
-26.288292 -24.936119
-25.893959 -20.955605
-25.499626 -16.975090
-25.105293 -12.994576
-24.710960 -9.014061
-24.316628 -5.033545
-23.922295 -1.053030
-23.527962 2.927485
-23.133629 6.908000
-22.739296 10.888515
-22.344963 14.869030
-21.950630 18.849545
-21.556297 22.830059
-21.161964 26.810574
-20.767632 30.791088
-20.373299 34.771603
-16.345009 34.899071
-12.385813 34.329185
-8.426617 33.759300
-4.467421 33.189415
-0.508225 32.619530
2.329768 30.193651
1.984684 26.208563
1.294515 18.238386
0.949430 14.253299
0.604346 10.268212
0.259262 6.283126
-0.085823 2.298039
0.0 0.0
