0.000000 0.000000      0
1.537417 18.143555     0
2.037417 26.000000     0
2.178132 27.929256     0
4.026928 30.466757     0
7.550364 30.967232     0
26.908613 29.204628    0
30.172119 28.642944    0
31.481346 27.659203    0
26.599342 -26.843388   0
26.019928 -30.452700   0
24.917805 -33.046188   0
17.934784 -33.271736   0
-21.529545 -29.344524  0
-24.786970 -28.793774  0
-26.069025 -27.817139  0
-25.849905 -20.876663  0
-21.147116 26.735487   0
-20.712215 30.510851   0
-20.166483 33.725731   0
-19.207121 34.848858   0
-1.040119 32.383369    0
1.460658 31.171253     0
1.878132 27.929256     0
1.800000 26.000000     0
1.737417 24.143555     0
-0.087813 1.394007     0
0.000000 0.000000      0
