89.103210 -22.513523
86.764023 -82.229233
86.411270 -85.566620
85.507416 -87.101509
82.338394 -87.423256
78.562424 -87.419937
42.796764 -86.284027
39.170753 -85.946541
36.561386 -85.021149
35.996540 -81.848068
35.979523 -78.072723
38.455376 -22.749220
43.127171 54.938492
43.119263 58.489265
42.417076 60.833431
39.310181 61.696693
35.558945 62.163147
-79.895966 71.441528
-83.653122 71.516998
-86.782135 70.921082
-87.826569 67.840454
-88.312439 64.094055
-92.112762 12.539574
-92.577408 9.170938
-93.542648 7.500144
-96.721298 7.271302
-100.493027 7.428829
-163.968155 12.223417
-167.228973 12.694938
-168.500900 13.637931
-168.630768 16.811199
-168.454620 20.582069
-164.775574 72.313858
-164.558701 76.158524
-164.536560 79.607178
-165.241180 81.577919
-168.340637 82.425934
-172.081802 82.973114
-207.618271 86.845840
-211.151825 87.006561
-213.476501 86.412262
-214.313904 83.332687
-214.752777 79.587189
-218.633972 27.865774
-218.977875 24.012186
-219.460785 20.529245
-220.462494 18.429581
-223.648636 18.112097
-227.419556 18.272316
-243.077759 19.613022
-246.493240 20.126934
-248.351166 21.131138
-248.634918 24.320581
-248.496857 28.095558
-238.820770 164.183502
-238.364349 167.540375
-237.406616 169.165634
-234.231674 169.391296
-230.469086 169.240906
-219.240540 168.328659
-217.097626 167.755981
-214.267303 165.987076
-211.848068 163.763641
-210.818817 160.322006
-210.214355 156.703857
-209.919037 153.597870
-210.039185 149.844208
-214.240417 87.574265
-218.428238 28.167095
-218.642151 24.292690
-218.667572 20.734051
-217.989532 18.353863
-214.897461 17.393728
-211.158524 16.814095
-175.627289 12.901313
-172.097824 12.738103
-169.787521 13.332087
-168.953949 16.411579
-168.516083 20.157063
-164.634842 71.879318
-164.290848 75.735306
-163.807648 79.227226
-162.804962 81.360413
-159.634232 81.541626
-155.882568 81.199799
-92.805206 72.690979
-89.588150 72.030228
-88.412598 71.021179
-88.290771 67.828979
-88.451294 64.051804
-95.752129 -59.088627
-97.824875 -82.364807
-98.118530 -86.265503
-98.225159 -89.940315
-97.633774 -92.771721
-94.560455 -93.809532
-90.822090 -94.366753
-15.910499 -101.557632
23.798729 -103.461121
27.613865 -103.580872
30.936146 -103.511383
32.419071 -102.735626
33.035164 -99.607742
33.418987 -95.849609
38.603447 -28.250549
39.103302 -24.607319
40.152435 -21.908266
43.360176 -21.281061
47.146317 -21.209007
89.103210 -22.513523
