0.0 0.0
3.326111 55.788589
3.766528 59.462082
4.775986 62.261955
7.968251 62.818447
11.745385 62.773823
39.327438 60.937233
42.558403 60.496010
43.712303 59.572338
43.820305 56.403557
38.449913 -24.983017
36.186836 -80.565315
36.272816 -83.905090
37.053596 -85.450760
40.190300 -85.929565
43.958267 -86.122498
79.710297 -86.869194
83.286850 -86.721649
85.709229 -85.929749
86.472786 -82.791595
86.791862 -79.024765
88.791275 -27.409695
88.693108 -24.125628
87.899490 -22.789165
84.760689 -22.321383
45.265537 -20.795776
41.712521 -20.889200
39.373016 -21.647192
38.571983 -24.773315
33.565910 -99.813065
32.564194 -102.416847
29.369471 -103.009315
-18.054050 -101.482666
-93.355927 -93.491920
-96.748077 -92.904526
-98.540466 -91.864517
-98.739197 -88.671219
-95.709061 -53.441517
-92.827744 2.170444
-92.884293 5.376419
-93.674568 6.428438
-96.804779 6.948980
-168.251801 12.888325
-215.604614 17.070965
-218.259445 18.136116
-218.769791 21.342819
-218.705521 25.123348
-214.430054 88.239410
-209.696411 155.422577
-209.838043 158.144287
-210.864487 161.423035
-212.342194 164.212540
-215.295242 166.185547
-218.442200 167.775452
-220.889450 168.649323
-232.119080 169.498993
-235.560089 169.481003
-237.520844 168.752243
-238.274811 165.637695
-244.672546 86.130058
-249.147797 26.521055
-249.193054 22.958878
-248.528687 20.561045
-245.434540 19.654835
-241.689758 19.148558
-226.006958 17.751600
-222.477661 17.659512
-220.188812 18.301067
-219.352966 21.392704
-218.906433 25.140839
-214.525177 80.757706
-214.022049 84.382187
-212.974960 87.012337
-209.790314 87.342041
-206.032898 87.055336
-167.106262 81.789497
-164.962036 80.661903
-164.582153 77.438042
-164.675018 73.652481
-168.237244 18.064133
-168.237488 14.653543
-167.511871 12.829081
-164.397034 12.126600
-97.177841 7.119155
-93.952339 7.110324
-92.813690 7.874594
-92.293198 10.999650
-88.188644 66.334557
-88.160934 69.785248
-88.861389 71.764801
-91.954117 72.662781
-158.850677 81.228920
-162.149292 81.418381
-163.618164 80.753693
-164.206421 77.653870
-168.215881 18.325220
-168.216156 14.914244
-167.490662 13.088333
-164.376236 12.380457
-97.165878 7.257736
-93.941376 7.243445
-92.805092 8.006033
-92.291107 11.131065
-88.133690 66.448334
-87.664108 69.829697
-86.693535 71.548920
-83.518318 71.733429
-0.568815 63.742561
2.373210 62.615288
2.984785 59.390369
2.971918 55.603394
-0.660462 -14.432158
-0.458632 -18.202316
-0.329768 -21.626419
-0.533563 -23.569426
-1.553188 -26.751205
-2.537598 -30.075682
-4.516147 -58.598549
-2.085411 -69.025772
-1.657466 -71.710258
-2.289218 -95.075546
-2.203633 -98.699783
-1.459381 -101.306129
1.667907 -102.047562
5.433675 -102.289268
29.053951 -102.622856
32.256508 -102.445801
33.281666 -101.624222
33.940269 -98.511505
35.750381 -87.718506
36.826912 -85.992920
40.041782 -85.632828
79.594482 -86.759338
83.219368 -86.659393
85.826096 -85.904694
86.631744 -82.776230
86.954803 -79.011711
89.100655 -22.279402
