89.037102 -22.117004 0                     
45.242054 -21.146107 0
41.778053 -20.849518 0 
39.776176 -19.964188 0
39.421261 -16.804390 0
39.507645 -13.035151 0
43.569000 54.576233 0
43.560146 58.087048 0
42.849800 60.282394 0
39.742409 61.125916 0
35.992729 61.607216 0
-83.227859 72.107040 0
-86.566559 72.427834 0 
-90.367973 72.867149 0
-209.160110 87.382874 0
-212.396301 88.004097 0
-213.625565 89.003784 0
-213.758240 92.193237 0
-213.597076 95.969437 0
-209.750916 155.431641 0
-209.878601 158.538239 0
-210.905975 161.946930 0
-212.430725 164.861725 0
-215.425201 166.676117 0
-218.468628 168.003113 0
-220.238037 168.480927 0
-231.247452 169.273056 0
-234.762787 169.285675 0
-237.018509 168.591553 0
-237.859253 165.486923 0
-238.320831 161.736389 0
-243.563705 96.259804 0
-248.306320 28.534626 0
-248.345428 24.800869 0
-247.714691 21.766861 0
-244.634277 20.640820 0
-240.897461 20.026016 0
-236.984772 19.548199 0
-197.237732 15.253085 0
-97.239433 6.352324 0
-94.000763 5.864593 0
-92.806892 4.920808 0
-92.643005 1.743878 0
-92.755096 -2.031417 0
-96.431076 -64.613007 0
-97.734009 -84.514000 0
-97.928978 -88.355225 0
-97.930534 -91.786827 0
-97.210266 -93.689659 0
-94.100288 -94.455643 0
-90.349991 -94.917000 0
-16.589214 -101.375206 0
22.852043 -102.584106 0
26.750446 -102.641739 0
30.376287 -102.526268 0
32.984909 -101.764755 0
33.964848 -98.657715 0
34.516335 -94.954941 0
34.982712 -91.214706 0
35.537102 -87.920425 0
36.528648 -86.447388 0
39.720871 -86.151436 0
43.502762 -86.170883 0
47.442657 -86.274841 0
75.380150 -87.184715 0
79.308411 -87.256546 0
83.046883 -87.156067 0
86.077072 -86.412567 0
86.973633 -83.286362 0
87.298485 -79.521721 0
89.037102 -22.117004 0
