-22.924421 44.786827
-59.995743 45.766422
-95.726768 47.162319
-109.726089 47.189178
-116.915916 44.648521
-125.682922 37.421494
-130.534103 32.771664
-132.489532 27.890396
-132.728302 15.345140
-133.356796 11.663110
-131.172592 9.811200
-118.583038 9.599545
-113.361176 11.149536
-108.223000 12.590048
-105.029404 17.301369
-103.578369 22.793320
-102.761627 37.054153
-103.931992 38.997490
-107.613304 38.945938
-111.112953 39.668819
-113.216164 42.360893
-109.740547 45.901070
-97.198013 45.554462
-95.382401 44.064110
-97.559586 27.182386
-95.405716 17.132341
-93.383896 10.789056
-93.824181 4.085908
-93.058995 1.676717
-89.951141 -0.063424
-63.271347 -1.735757
-10.072531 -3.924393
-0.014559 -3.287187
15.910048 -3.426241
18.828196 -8.422245
25.387627 -13.594824
41.742065 -20.519680
43.416889 -25.240845
43.412472 -31.951664
42.466373 -34.200779
38.070000 -35.058041
21.573845 -33.828476
19.656458 -36.516529
20.526266 -54.436932
18.668484 -57.483307
13.696440 -58.168461
-8.456214 -57.288277
-26.704765 -56.160057
-47.864037 -54.979000
-64.963661 -57.211357
-75.709259 -58.004974
-91.559250 -56.433372
-110.450645 -55.302731
-127.818451 -53.416252
-144.898483 -51.551800
-160.758728 -50.593601
-179.230637 -50.232094
-189.996140 -49.938950
-200.759476 -47.771896
-219.878754 -46.324303
-238.605591 -45.288437
-257.415375 -44.352589
-276.254578 -43.199120
-294.978210 -42.362595
-313.710175 -41.147820
-332.576630 -40.398079
-335.661316 -38.486115
-337.047394 -35.701073
-337.030609 -26.965157
-336.301422 -9.423582
-335.159576 7.316523
-336.788971 28.278614
-338.362640 44.447151
-337.113983 84.173615
-334.511353 140.619217
-332.084045 147.614105
-332.889832 159.450928
-332.153839 170.280228
-329.911041 173.973831
-322.682068 175.147064
-310.624786 175.318039
-303.053253 174.357224
-291.484894 174.105316
-276.855988 173.580124
-262.005432 173.671829
-246.751038 173.399094
-232.561188 172.735611
-222.319107 172.763657
-215.956085 173.853226
-208.615082 172.604248
-205.769836 170.850082
-202.440720 170.169968
-185.057022 169.880844
-157.463531 169.469315
-131.692322 169.178192
-121.480415 169.386139
-101.593613 168.518295
-81.375015 167.922546
-65.956070 167.924622
-57.810501 167.528000
-55.214798 165.255539
-55.528141 155.691956
-55.459175 146.658066
-55.775139 137.664658
-55.083237 129.901291
-55.660023 120.935776
-56.661217 115.015732
-57.235210 102.922432
-57.210514 91.163231
-56.414776 80.862495
-57.223011 76.233246
-58.870998 72.268280 1
-58.838257 66.430138 1
-58.818127 59.125656
-58.742485 55.987453
-55.825531 55.724194
-52.632336 56.473057
-48.416298 56.390625
-20.538029 55.959007
-0.806726 56.073883
2.484624 54.644135
1.203588 40.636494
-0.264212 17.464325
2.026630 15.863420
9.311496 16.506453
29.490528 15.643139
42.357468 15.004887
