-22.924421 44.786827 	0
-59.995743 46.766422 	0
-95.726768 47.162319 	0
-109.726089 47.189178	0
-116.915916 44.648521	0
-125.682922 37.421494	0
-130.534103 32.771664	0
-132.489532 27.890396	0
-132.728302 15.345140	0
-133.356796 11.663110	0
-131.172592 9.811200 	0
-118.583038 11.099545	0
-113.361176 11.149536	0
-108.223000 12.590048	0
-105.029404 17.301369	0
-103.578369 22.793320	0
-102.761627 37.054153	0
-103.931992 38.997490	0
-107.613304 38.945938	0
-111.112953 39.668819	0
-113.216164 42.360893	0
-109.740547 45.901070	0
-97.198013 45.554462 	0
-95.382401 44.064110 	0
-96.559586 27.182386 	0
-95.405716 17.132341 	0
-92.883896 10.789056 	0
-93.324181 4.085908  	0
-92.758995 1.676717  	0
-89.951141 -0.063424 	0
-63.271347 -1.735757 	0
-10.072531 -3.924393 	0
-0.014559 -3.287187  	0
15.910048 -3.426241  	0
18.828196 -8.422245  	0
25.387627 -13.594824 	0
41.742065 -20.519680 	0
43.416889 -25.240845 	0
43.412472 -31.951664 	0
42.466373 -34.200779 	0
38.070000 -35.058041 	0
21.573845 -33.828476 	0
19.656458 -36.516529 	0
20.526266 -54.436932 	0
18.668484 -57.483307 	0
13.696440 -58.168461 	0
-8.456214 -57.288277 	0
-26.704765 -56.160057	0
-47.864037 -54.979000	0
-64.963661 -57.211357	0
-75.709259 -58.004974	0
-91.559250 -56.433372	0
-110.450645 -55.302731	0
-127.818451 -53.416252	0
-144.898483 -51.551800	0
-160.758728 -50.093601	0
-179.230637 -49.732094	0
-189.996140 -49.938950	0
-200.759476 -47.771896	0
-219.878754 -46.324303	0
-238.605591 -45.288437	0
-257.415375 -44.352589	0
-276.254578 -43.199120	0
-294.978210 -42.362595	0
-313.710175 -41.147820	0
-332.576630 -40.398079	0
-335.661316 -38.486115	0
-337.047394 -35.701073	0
-337.030609 -26.965157	0
-336.301422 -9.423582 	0
-335.159576 7.316523  	0
-336.788971 28.278614 	0
-338.362640 44.447151 	0
-337.113983 84.173615 	0
-334.511353 140.619217	0
-332.084045 147.614105	0
-332.889832 159.450928	0
-332.153839 170.280228	0
-329.911041 173.973831	0
-322.682068 175.147064	0
-310.624786 175.318039	0
-303.053253 174.357224	0
-291.484894 174.105316	0
-276.855988 173.580124	0
-262.005432 173.671829	0
-246.751038 173.399094	0
-232.561188 172.735611	0
-222.319107 172.763657	0
-215.956085 173.853226	0
-208.615082 172.604248	0
-205.769836 170.850082	0
-202.440720 170.169968	0
-185.057022 169.880844	0
-157.463531 169.469315	0
-131.692322 169.178192	0
-121.480415 169.386139	0
-101.593613 168.518295	0
-81.375015 167.922546 	0
-65.956070 167.924622 	0
-57.810501 167.528000 	0
-55.214798 165.255539 	0
-55.528141 155.691956 	0
-55.459175 146.658066 	0
-55.775139 137.664658 	0
-55.083237 129.901291 	0
-55.660023 120.935776 	0
-56.661217 115.015732 	0
-57.235210 102.922432 	0
-57.210514 91.163231  	0
-56.414776 80.862495  	0
-57.223011 76.233246  	0
-58.870998 72.268280 	1
-58.838257 66.430138 	1
-58.818127 59.125656	0
-58.742485 55.987453	0
-55.825531 55.724194	0
-52.632336 56.473057	0
-48.416298 56.390625	0
-20.538029 55.959007	0
-0.806726 56.073883 	0
2.484624 54.644135  	0
1.203588 40.636494  	0
-0.264212 17.464325 	0
2.026630 15.863420  	0
9.311496 16.506453  	0
29.490528 15.643139 	0
42.357468 15.004887 	0
